MINOS 5.51
 
12.29705131810334
8.068558591051728
1.6965077661614927
 
1
0.8494346235782615
0.7386151263583631
0.6535453248502123
0.5861415509475133
0.5313966234829753
0.4860386093811223
0.4478369404231345
0.4152176382639861
0.3870377658737433
0.3624470509357093
0.3407996891001055
0.3215962761137998
0.3044444920051792
0.2890318247179606
0.2751062361237106
0.2624621944775225
0.2509304107686447
0.2403701806087096
0.2306635906979579
0.2217110804962505
0.21342800288991304
0.20574193084249942
0.19859052773638902
0.1919198483323862
0.1856829720243211
0.17983889492466665
0.17435162531890813
0.1691894402109505
0.1643242704407183
0.15973118914989143
0.15538798387511124
0.15127479673596167
0.14737382039800667
0.14366903997506472
0.1401460129690875
0.13679168086244103
0.1335942071740057
0.13054283774055164
0.12762777974352243
0.12484009661056832
0.12217161641293951
0.11961485177880866
0.1171629296678113
0.11480952961840929
0.11254882929872352
0.11037545637238891
0.10828444584099876
0.10627120214957879
0.10433146544585925
0.10246128147158912
0.10065697463772573
0.09891512389744934
0.09723254108354465
0.09560625142135787
0.09403347596658375
0.09251161574963386
0.09103823743617215
0.08961106033730654
0.08822794462350364
0.08688688061405574
0.08558597902929321
0.0843234621060602
0.08309765548854872
0.08190698081667167
0.08074994894295558
0.07962515371663098
0.07853126628034224
0.07746702983082024
0.07643125480006911
0.07542281441820724
0.07444064062315385
0.07348372028593435
0.07255109172354986
0.07164184147417117
0.07075510131191752
0.06989004548070649
0.06904588812864397
0.06822188092619408
0.06741731085295002
0.06663149813924409
 
0
0.12595964299794996
0.20657474201111056
0.25790795296500746
0.289533395704158
0.3075322096243179
0.3159499830617674
0.3175726841760282
0.31436949767730527
0.30775993726448303
0.29878238512025695
0.28820446972171193
0.27659764056870767
0.26438889506127605
0.2518974668813777
0.2393613473192444
0.22695677070537038
0.2148127303509803
0.2030219210044509
0.1916490708023793
0.18073733949348395
0.17031326659880555
0.16039062040033336
0.15097340579744964
0.1420582231183406
0.13363612245932338
0.12569406344735434
0.11821606470954141
0.11118410821106511
0.10457884920238095
0.09838017154202928
0.09256761973919748
0.08712073254710426
0.08201929786621619
0.07724354474116571
0.07277428510165643
0.06859301541440668
0.06468198643593169
0.061024247674835164
0.057603671903059116
0.05440496403322128
0.05141365785325861
0.04861610344062357
0.04599944753523266
0.04355160870873207
0.041261248807969324
0.03911774185731483
0.03711114136523714
0.03523214678529584
0.03347206972240944
0.0318228003453465
0.030276774360564505
0.02882694081646062
0.027466730937265524
0.026190028129315368
0.02499113925690451
0.023864767248401544
0.02280598506419978
0.021810211035045185
0.020873185561248547
0.019990949149342102
0.0191598217521367
0.018376383370258716
0.017637455867584185
0.016940085949120134
0.016281529247460562
0.015659235462677785
0.015070834500162325
0.014514123551298353
0.013987055062796452
0.013487725541868544
0.013014365146111513
0.012565328008879538
0.012139083252996726
0.011734206647834235
0.01134937286700243
0.010983348306151473
0.010634984422603905
0.010303211560737
0.009987033229173471
0.009685520797913533
---------------------------------------
LOQO 7.03
 
12.296938224936833
8.068493840283352
1.6965034288519114
 
1
0.8494360290298495
0.7386174248455539
0.6535483156991692
0.5861451928401981
0.5313994535925131
0.4860406263652739
0.4478381449205771
0.4152180342429484
0.3870379738650221
0.3624469827099874
0.34079927172141655
0.3215954456548096
0.3044438731384785
0.2890313860548589
0.2751059706379159
0.2624621166838741
0.25092998783855125
0.2403694095504332
0.23066246752500366
0.22170959995451242
0.21342637784133375
0.20574013040445957
0.19858852266561483
0.19191760986844167
0.18568084135543897
0.17983683447258425
0.17434960124982066
0.16918742014216753
0.16432269476460531
0.15973001533968811
0.15538717802314853
0.1512743307079174
0.14737368220932326
0.14366921570808275
0.14014649146633731
0.13679245379969163
0.13359508891943658
0.13054382923247917
0.1276288818772586
0.12484131107652102
0.12217272231764673
0.11961584975497783
0.11716381809033768
0.11481030459913247
0.1125498148285306
0.11037664743503615
0.10828584223108291
0.10627280805136578
0.10433302656393983
0.1024628024473076
0.10065845915618786
0.09891657526156626
0.09723385956727179
0.095607439013226
0.09403453373476343
0.0925125439881224
0.09103906425479896
0.08961178589772147
0.08822856904925988
0.08688740388785464
0.08558643033505203
0.08432384096454909
0.08309796174811462
0.08190721469627209
0.08075006138904446
0.0796251436348568
0.07853113167561582
0.07746676766232764
0.07643097738234542
0.07542251790840106
0.07444032132115537
0.07348337409032586
0.07255085338773633
0.07164170691117383
0.07075506776826514
0.06989011118536934
0.0690460364307498
0.0682221119900413
0.06741762540559747
0.06663189777423763
 
0
0.12595871403307005
0.20657360680606923
0.2579069817484198
0.28953277823337586
0.3075319169307644
0.3159499222023336
0.31757275243920857
0.31436958952167127
0.3077602099226475
0.298782832133548
0.28820507385804955
0.2765983802715047
0.26438924141918285
0.25189746653968503
0.23936102461317624
0.2269561334991787
0.21481207802531035
0.2030212104781389
0.19164826056515938
0.18073638851802876
0.17031244733384562
0.16038991252175386
0.1509727911805578
0.14205768509610708
0.13363562808310545
0.1256936242217792
0.11821568807744
0.11118379804465207
0.10457871098954266
0.09838023750151995
0.09256791659651946
0.08712128405673816
0.08201998190714824
0.07724438180031817
0.07277529369831637
0.06859421340184492
0.0646831889463045
0.06102546594725351
0.057604915775430275
0.054406242722130335
0.05141491034286548
0.04861733222569844
0.04600065450506693
0.04355279512631135
0.0412623879085331
0.03911884725608978
0.03711222403779676
0.035233215823200194
0.03347310736095949
0.03182380913025663
0.030277756698775676
0.028827899179375845
0.02746765265160667
0.026190913500050064
0.024991988746438064
0.023865581524942153
0.02280674427248188
0.021810916550631963
0.020873838444896424
0.019991550133072956
0.01916039079431015
0.018376921681542327
0.01763796461631139
0.01694056614254546
0.016282019095118193
0.01565973533805969
0.015071345607849423
0.014514647878301454
0.013987553652404429
0.01348820426023872
0.013014829416004521
0.01256578300178505
0.012139512601082276
0.011734618656978611
0.011349774975382556
0.01098374741833276
0.0106353564321773
0.010303561956801018
0.009987366856341629
0.00968584200555957
---------------------------------------
CONOPT 3.17A
 
12.29705129895892
8.068558585123418
1.6965077821518264
 
1
0.8494346236078083
0.7386151264027616
0.6535453249021156
0.5861415510029878
0.5313966235398179
0.4860386094380638
0.4478369404794352
0.4152176383192172
0.3870377659276641
0.3624470509881948
0.34079968915110254
0.32159627616330055
0.3044444920532038
0.2890318247645464
0.27510623616890517
0.26246219452137864
0.250930410811218
0.24037018065005608
0.23066359073813275
0.22171108053530755
0.21342800292790406
0.20574193087947387
0.19859052777239403
0.19191984836746637
0.18568297205851866
0.17983889495802147
0.1743516253514578
0.16918944024273053
0.16432427047176207
0.1597311891802305
0.1553879839047753
0.15127479676497874
0.14737382042640312
0.1436690400028656
0.14014601299631627
0.13679168088912
0.13359420720015594
0.1305428377661931
0.1276277797686739
0.1248400966352477
0.12217161643716375
0.11961485180259386
0.11716292969117273
0.11480952964136146
0.11254882932128024
0.1103754563945633
0.10828444586280335
0.10627120217102548
0.1043314654669594
0.10246128149235358
0.10065697465816487
0.09891512391757303
0.09723254110336234
0.09560625144087861
0.09403347598581621
0.09251161576858631
0.09103823745485252
0.08961106035572246
0.08822794464166239
0.08688688063196433
0.0855859790469584
0.08432346212348843
0.08309765550574622
0.08190698083364437
0.08074994895970926
0.07962515373317118
0.07853126629667427
0.07746702984694924
0.07643125481600002
0.07542281443394483
0.07444064063870273
0.07348372030129896
0.07255109173873449
0.07164184148917994
0.07075510132675446
0.06989004549537543
0.06904588814314867
0.06822188094053815
0.06741731086713698
0.0666314981532773
 
0
0.12595964280996785
0.2065747417170462
0.2579079526145285
0.28953339532857497
0.307532209243735
0.3159499826891138
0.3175726838194866
0.31436949734184955
0.3077599369528886
0.29878238483378555
0.2882044694605844
0.27659764033243683
0.26438889484890365
0.2518974666916436
0.23936134715070892
0.2269567705565015
0.21481273022021635
0.2030219208902445
0.19164907070322823
0.18073733940795156
0.17031326652553402
0.16039062033805132
0.15097340574497586
0.1420582230745848
0.13363612242328488
0.12569406341811912
0.11821606468627825
0.11118410819302124
0.10457884918887704
0.0983801715324545
0.0925676197330044
0.08712073254380379
0.08201929786537276
0.07724354474239267
0.07277428510461165
0.06859301541878836
0.06468198644147449
0.06102424768130673
0.05760367191025661
0.05440496404096845
0.05141365786140294
0.04861610344903371
0.0459994475437961
0.04355160871735305
0.04126124881656689
0.03911774186582111
0.037111141373595787
0.03523214679346063
0.03347206973034298
0.03182280035301915
0.03027677436795331
0.028826940823548457
0.027466730944040278
0.026190028135769226
0.024991139263033334
0.0238647672542043
0.022805985069678056
0.021810211040202764
0.020873185566091017
0.019990949153876524
0.01915982175637132
0.01837638337420272
0.01763745587124747
0.016940085952513128
0.016281529250594055
0.015659235465562797
0.015070834502809983
0.014514123553719786
0.01398705506500272
0.013487725543870562
0.013014365147919994
0.012565328010504941
0.012139083254449234
0.011734206649123712
0.011349372868138405
0.01098334830714312
0.010634984423460038
0.01030321156146606
0.009987033229783537
0.009685520798412301
---------------------------------------
SNOPT 7.5-1.2
 
12.29705129895892
8.068558585123418
1.6965077821518264
 
1
0.8494346236078083
0.7386151264027616
0.6535453249021156
0.5861415510029878
0.5313966235398179
0.4860386094380638
0.4478369404794352
0.4152176383192172
0.3870377659276641
0.3624470509881948
0.34079968915110254
0.32159627616330055
0.3044444920532038
0.2890318247645464
0.27510623616890517
0.26246219452137864
0.250930410811218
0.24037018065005608
0.23066359073813275
0.22171108053530755
0.21342800292790406
0.20574193087947387
0.19859052777239403
0.19191984836746637
0.18568297205851866
0.17983889495802147
0.1743516253514578
0.16918944024273053
0.16432427047176207
0.1597311891802305
0.1553879839047753
0.15127479676497874
0.14737382042640312
0.1436690400028656
0.14014601299631627
0.13679168088912
0.13359420720015594
0.1305428377661931
0.1276277797686739
0.1248400966352477
0.12217161643716375
0.11961485180259386
0.11716292969117273
0.11480952964136146
0.11254882932128024
0.1103754563945633
0.10828444586280335
0.10627120217102548
0.1043314654669594
0.10246128149235358
0.10065697465816487
0.09891512391757303
0.09723254110336234
0.09560625144087861
0.09403347598581621
0.09251161576858631
0.09103823745485252
0.08961106035572246
0.08822794464166239
0.08688688063196433
0.0855859790469584
0.08432346212348843
0.08309765550574622
0.08190698083364437
0.08074994895970926
0.07962515373317118
0.07853126629667427
0.07746702984694924
0.07643125481600002
0.07542281443394483
0.07444064063870273
0.07348372030129896
0.07255109173873449
0.07164184148917994
0.07075510132675446
0.06989004549537543
0.06904588814314867
0.06822188094053815
0.06741731086713698
0.0666314981532773
 
0
0.12595964280996785
0.2065747417170462
0.2579079526145285
0.28953339532857497
0.307532209243735
0.3159499826891138
0.3175726838194866
0.31436949734184955
0.3077599369528886
0.29878238483378555
0.2882044694605844
0.27659764033243683
0.26438889484890365
0.2518974666916436
0.23936134715070892
0.2269567705565015
0.21481273022021635
0.2030219208902445
0.19164907070322823
0.18073733940795156
0.17031326652553402
0.16039062033805132
0.15097340574497586
0.1420582230745848
0.13363612242328488
0.12569406341811912
0.11821606468627825
0.11118410819302124
0.10457884918887704
0.0983801715324545
0.0925676197330044
0.08712073254380379
0.08201929786537276
0.07724354474239267
0.07277428510461165
0.06859301541878836
0.06468198644147449
0.06102424768130673
0.05760367191025661
0.05440496404096845
0.05141365786140294
0.04861610344903371
0.0459994475437961
0.04355160871735305
0.04126124881656689
0.03911774186582111
0.037111141373595787
0.03523214679346063
0.03347206973034298
0.03182280035301915
0.03027677436795331
0.028826940823548457
0.027466730944040278
0.026190028135769226
0.024991139263033334
0.0238647672542043
0.022805985069678056
0.021810211040202764
0.020873185566091017
0.019990949153876524
0.01915982175637132
0.01837638337420272
0.01763745587124747
0.016940085952513128
0.016281529250594055
0.015659235465562797
0.015070834502809983
0.014514123553719786
0.01398705506500272
0.013487725543870562
0.013014365147919994
0.012565328010504941
0.012139083254449234
0.011734206649123712
0.011349372868138405
0.01098334830714312
0.010634984423460038
0.01030321156146606
0.009987033229783537
0.009685520798412301
---------------------------------------
