MINOS 5.51
 
10.627179138707437
7.594507757049467
2.3613252011852945
 
1
0.5698454626898568
0.4098573266136424
0.3217052298689621
0.26525286006342524
0.22584421521537348
0.19671652043367593
0.17428747925315097
0.15647369884002213
0.1419779569301959
0.12994913488833246
0.11980510011677725
0.11113396785708779
0.10363597263271866
0.09708767788706608
0.09131909528553857
0.08619858118644472
0.08162258752205502
0.0775085371786437
0.07378976512925785
0.07041185805619816
 
0
0.2957920638570983
0.31140928651302024
0.272645091828088
0.224453817110836
0.17992203568832993
0.14253224353258284
0.11246852588131497
0.0888255119764004
0.07044616203514008
0.0562359274432211
0.04526460109805129
0.036781766951805704
0.030199394213180127
0.02506462565974116
0.02103237289988975
0.017841309509482782
0.015294187476322028
0.013242286797436892
0.011573407238202467
0.010202730667439158
---------------------------------------
LOQO 7.03
 
10.627166607414733
7.594499570770198
2.3613284755962596
 
1
0.569845724023862
0.40985750809162474
0.3217053516706724
0.2652529499362502
0.225844253626286
0.19671651868943388
0.17428745061651374
0.15647365972360963
0.14197790534470697
0.12994906390850453
0.11980500458882193
0.11113386437108862
0.10363585289385333
0.0970875417866907
0.09131894805199671
0.08619842793383714
0.0816224298634835
0.07750838414516954
0.07378962684718336
0.07041173710037857
 
0
0.29579182928137304
0.31140920625354823
0.27264513121057726
0.2244538961746697
0.17992213100546778
0.14253234111226556
0.11246861009967395
0.08882558580232053
0.07044622209048049
0.05623596762192702
0.04526462140532968
0.03678177026960261
0.03019938416712654
0.025064604323932843
0.02103234168909185
0.017841271970895193
0.015294147830575377
0.013242245364432605
0.01157336624681064
0.01020269185516269
---------------------------------------
CONOPT 3.17A
 
10.62717499476933
7.594503410839526
2.3613290974400756
 
1
0.5698454686771699
0.40985733200221197
0.32170523453057653
0.2652528641276768
0.22584421880468253
0.19671652364218237
0.17428748215148374
0.15647370148161918
0.14197795935614485
0.12994913713077258
0.11980510220126149
0.11113396980423695
0.10363597445939794
0.09708767960723572
0.09131909691087935
0.08619858272682539
0.08162258898588658
0.07750853857315161
0.07378976646069399
0.07041185933000763
 
0
0.29579197704860516
0.31140924246502344
0.27264509319459684
0.22445384945799152
0.17992208492706438
0.14253229934946476
0.11246858167685245
0.08882556399235308
0.07044620845697591
0.056235967685868554
0.04526463529575485
0.03678179561745045
0.03019941802304599
0.02506464532519264
0.02103238909650422
0.0178413228425367
0.015294198468253657
0.01324229588783269
0.011573414790307058
0.010202736977522723
---------------------------------------
SNOPT 7.5-1.2
 
10.62717499476933
7.594503410839526
2.3613290974400756
 
1
0.5698454686771699
0.40985733200221197
0.32170523453057653
0.2652528641276768
0.22584421880468253
0.19671652364218237
0.17428748215148374
0.15647370148161918
0.14197795935614485
0.12994913713077258
0.11980510220126149
0.11113396980423695
0.10363597445939794
0.09708767960723572
0.09131909691087935
0.08619858272682539
0.08162258898588658
0.07750853857315161
0.07378976646069399
0.07041185933000763
 
0
0.29579197704860516
0.31140924246502344
0.27264509319459684
0.22445384945799152
0.17992208492706438
0.14253229934946476
0.11246858167685245
0.08882556399235308
0.07044620845697591
0.056235967685868554
0.04526463529575485
0.03678179561745045
0.03019941802304599
0.02506464532519264
0.02103238909650422
0.0178413228425367
0.015294198468253657
0.01324229588783269
0.011573414790307058
0.010202736977522723
---------------------------------------
